[[439, 327], [440, 327], [441, 328], [441, 330], [441, 328], [440, 327]]
[[53, 311]]
[[412, 297], [412, 299]]
[[417, 294], [416, 295], [414, 295], [416, 295]]
[[40, 281], [61, 338]]
[[87, 280], [89, 280], [91, 282], [89, 283], [90, 285], [90, 283], [91, 282], [92, 283], [92, 285], [94, 287], [92, 285], [91, 281], [90, 280]]
[[252, 276], [251, 277], [251, 279], [251, 277]]
[[92, 270], [88, 270], [87, 272], [87, 278], [89, 278], [87, 277], [87, 272], [89, 270], [93, 271]]
[[37, 267], [36, 276], [38, 281], [38, 278], [36, 276], [37, 272], [39, 276], [37, 272]]
[[108, 266], [78, 376]]
[[439, 265], [608, 479]]
[[96, 264], [90, 268], [97, 268], [96, 281], [93, 281], [97, 288], [91, 291], [97, 289], [95, 293], [99, 294], [100, 271], [96, 281]]
[[38, 263], [38, 265], [39, 266], [39, 270], [39, 266], [38, 265]]
[[38, 258], [38, 259], [37, 260], [37, 261], [37, 260], [38, 259]]
[[383, 245], [383, 246], [384, 247], [383, 246]]
[[43, 238], [42, 255], [41, 256], [39, 253], [40, 252], [39, 254], [41, 258], [40, 262]]
[[82, 237], [75, 255], [84, 270], [82, 256], [77, 251], [80, 246], [84, 252], [80, 245], [82, 238], [88, 256]]
[[375, 233], [375, 234]]
[[54, 230], [58, 252], [64, 258], [65, 253], [71, 251], [75, 235], [64, 256], [58, 252]]
[[76, 229], [76, 232]]
[[72, 225], [72, 227], [73, 228], [73, 236], [73, 228], [72, 227]]
[[404, 220], [437, 264]]
[[72, 217], [72, 218], [71, 219], [71, 222], [71, 219], [72, 218]]
[[119, 213], [121, 216], [121, 223], [116, 233], [118, 232], [121, 223], [121, 216]]
[[391, 209], [403, 224], [403, 227], [409, 232]]
[[73, 208], [72, 209], [70, 209], [70, 214], [70, 210], [71, 209], [73, 210], [73, 214], [73, 210], [72, 209]]
[[59, 208], [61, 236], [71, 236], [63, 237], [61, 235]]
[[83, 206]]
[[280, 194]]
[[378, 192], [383, 198], [382, 200], [383, 199], [390, 207], [387, 201], [386, 202], [380, 194], [381, 193], [379, 194]]
[[85, 185]]
[[86, 183]]
[[94, 177]]
[[88, 177]]
[[91, 173], [82, 202], [76, 208], [74, 226], [76, 209], [84, 199]]
[[59, 172], [59, 176]]
[[82, 169], [81, 169], [82, 170], [80, 173], [78, 172], [79, 173], [79, 175], [77, 176], [76, 175], [77, 174], [76, 175], [77, 176], [79, 176], [79, 174], [81, 172]]
[[93, 161], [93, 164], [94, 165], [94, 167], [93, 168], [93, 172], [93, 168], [94, 167], [94, 165], [93, 164]]
[[103, 159], [105, 161], [105, 163], [106, 164], [106, 168], [105, 170], [106, 168], [106, 163], [105, 162], [105, 160]]
[[71, 157]]
[[350, 156], [403, 218]]
[[82, 153], [81, 161], [82, 160], [84, 161], [89, 161], [89, 160], [88, 161], [85, 161], [81, 159], [82, 158]]
[[238, 147]]
[[78, 132], [78, 135]]
[[302, 131], [302, 132], [303, 132], [304, 133], [305, 133], [304, 133]]
[[74, 131], [74, 133]]
[[327, 132], [539, 411]]
[[73, 127], [45, 248]]
[[85, 126], [57, 209], [78, 170], [80, 130], [91, 171]]
[[300, 125]]
[[297, 124]]
[[293, 113], [295, 115], [296, 118], [300, 120], [300, 119], [298, 119], [295, 116], [295, 114], [297, 113], [295, 114]]
[[233, 112], [234, 112]]
[[226, 111], [229, 111]]
[[76, 111], [76, 113], [75, 114], [75, 118], [75, 114], [76, 113]]
[[217, 109], [218, 109]]
[[344, 109], [343, 108], [342, 109], [343, 108]]
[[230, 107], [231, 107]]
[[207, 107], [209, 107]]
[[226, 106], [227, 106]]
[[203, 106], [204, 106]]
[[222, 105]]
[[199, 105], [200, 105]]
[[218, 104]]
[[195, 104], [196, 104]]
[[82, 104], [116, 167]]
[[191, 103], [192, 103]]
[[184, 102], [188, 102]]
[[127, 102], [202, 113], [278, 195], [209, 377], [80, 383], [61, 342], [80, 384], [211, 376], [278, 203], [203, 113]]
[[112, 100]]
[[106, 100]]
[[103, 100], [104, 100]]
[[79, 100], [79, 112], [77, 120], [74, 122], [74, 129], [79, 112]]
[[81, 99], [92, 95], [127, 100], [92, 95], [83, 96]]
[[337, 94], [338, 94]]
[[155, 94], [156, 94]]
[[330, 92], [331, 92], [332, 93], [334, 93], [332, 93], [331, 92]]
[[202, 92], [201, 93], [201, 94], [202, 94], [201, 93]]
[[326, 91], [328, 91]]
[[323, 90]]
[[136, 89], [138, 89]]
[[189, 88], [190, 88], [191, 89], [192, 92], [193, 89], [193, 90], [192, 91], [191, 90], [191, 89], [190, 88]]
[[341, 92], [318, 87], [310, 110], [305, 112], [309, 112], [319, 87]]
[[127, 87], [129, 87]]
[[639, 80], [599, 162], [639, 192], [599, 164]]
[[352, 80], [347, 95]]
[[197, 80]]
[[341, 78], [329, 130], [287, 123], [548, 479], [292, 124], [333, 128]]
[[338, 77], [338, 82], [339, 83], [339, 86], [341, 90], [340, 89], [339, 83], [338, 82]]
[[198, 76], [198, 78]]
[[199, 74]]
[[214, 71], [293, 89]]
[[202, 69], [204, 71], [204, 72], [205, 72], [206, 73], [206, 74], [207, 74], [208, 75], [208, 74], [207, 74], [206, 73], [206, 72], [205, 72], [204, 71], [204, 70], [203, 70]]
[[76, 64], [77, 64]]
[[216, 61], [207, 61], [214, 62], [211, 70], [203, 66], [211, 62], [202, 64], [211, 71], [205, 88], [194, 87], [206, 87]]
[[49, 60], [242, 109]]
[[195, 59], [195, 61], [196, 62], [196, 64], [197, 65], [196, 66], [197, 65], [197, 64], [195, 61]]
[[56, 59]]
[[54, 59]]
[[47, 57], [48, 57], [49, 58], [52, 58], [49, 58], [48, 57]]
[[34, 56]]
[[317, 53], [317, 55], [316, 56], [316, 58], [315, 59], [315, 60], [315, 59], [316, 58], [316, 56], [317, 55]]
[[38, 48], [38, 50], [37, 51], [37, 52], [37, 51], [38, 50]]
[[338, 36]]
[[329, 33], [338, 48], [331, 73], [353, 77], [355, 72], [352, 77], [340, 68], [349, 78], [331, 72], [337, 70], [341, 41], [338, 48], [337, 31]]
[[135, 24], [135, 25]]
[[44, 24], [44, 26]]
[[45, 21]]
[[145, 20], [156, 20], [188, 30], [162, 23], [160, 19]]
[[46, 17], [46, 19]]
[[0, 49], [286, 121], [3, 51], [27, 13], [21, 48]]
[[162, 13], [161, 12], [159, 15], [155, 17], [148, 17], [147, 16], [146, 17], [147, 16], [148, 17], [155, 17]]
[[27, 9]]
[[228, 7]]
[[53, 4], [74, 10], [75, 13], [73, 18], [75, 10]]
[[381, 1], [355, 67], [339, 66], [356, 66]]
[[390, 0], [334, 131], [363, 166], [338, 131]]
[[369, 0], [370, 1], [372, 1], [373, 2], [376, 2], [377, 3], [376, 2], [373, 2], [372, 1]]
[[223, 0], [226, 10], [221, 13], [211, 47], [204, 51], [211, 48], [220, 16], [228, 11]]
[[209, 0], [218, 4], [206, 45], [218, 4]]
[[151, 1], [152, 1], [153, 2], [155, 2], [156, 1], [158, 1], [156, 1], [155, 2], [154, 2], [152, 0]]
[[34, 53], [58, 1], [195, 85], [306, 76], [306, 120], [334, 19], [300, 110], [217, 51], [234, 0], [212, 55], [47, 0]]
[[32, 0], [31, 1], [32, 4], [29, 8], [29, 14], [29, 8], [30, 7], [31, 9], [30, 6], [32, 4], [31, 2]]
